1 1 3680 3779
2 1 552 651
1 1 6020 6119
2 1 5953 6052
1 1 7114 7213
2 1 7925 8024
1 1 7134 7233
2 1 3874 3973
1 1 3353 3452
2 1 6004 6103
1 1 3791 3890
2 1 131 230
1 1 2537 2636
2 1 6684 6783
1 1 655 754
2 1 4994 5093
1 1 4972 5071
2 1 619 718
1 1 4651 4750
2 1 4751 4850
1 1 3308 3407
2 1 6371 6470
1 1 1768 1867
2 1 702 801
1 1 364 463
2 1 1049 1148
1 1 5738 5837
2 1 1671 1770
1 1 2035 2134
2 1 1689 1788
1 1 5990 6089
2 1 4862 4961
1 1 54 153
2 1 1450 1549
1 1 6619 6718
2 1 7554 7653
1 1 3724 3823
2 1 7592 7691
1 1 3394 3493
2 1 1542 1641
1 1 6277 6376
2 1 6339 6438
1 1 5979 6078
2 1 599 698
1 1 3202 3301
2 1 861 960
1 1 3336 3435
2 1 949 1048
1 1 1537 1636
2 1 572 671
1 1 6678 6777
2 1 6069 6168
1 1 5317 5416
2 1 2449 2548
1 1 4747 4846
2 1 1535 1634
1 1 7668 7767
2 1 1943 2042
1 1 4085 4184
2 1 6483 6582
1 1 6194 6293
2 1 4386 4485
1 1 4507 4606
2 1 7198 7297
1 1 2175 2274
2 1 7349 7448
1 1 1844 1943
2 1 1439 1538
1 1 3898 3997
2 1 5998 6097
1 1 5374 5473
2 1 2956 3055
1 1 3228 3327
2 1 1417 1516
1 1 7712 7811
2 1 216 315
1 1 3393 3492
2 1 6537 6636
1 1 6222 6321
2 1 4576 4675
1 1 5457 5556
2 1 3231 3330
1 1 5218 5317
2 1 1826 1925
1 1 4900 4999
2 1 4191 4290
1 1 1010 1109
2 1 5119 5218
1 1 3045 3144
2 1 4979 5078
1 1 7281 7380
2 1 3943 4042
1 1 7052 7151
2 1 6380 6479
1 1 2541 2640
2 1 3399 3498
1 1 897 996
2 1 4875 4974
1 1 7156 7255
2 1 3532 3631
1 1 1173 1272
2 1 4753 4852
1 1 4209 4308
2 1 4841 4940
1 1 3942 4041
2 1 6381 6480
1 1 6907 7006
2 1 5417 5516
1 1 6501 6600
2 1 408 507
1 1 3505 3604
2 1 6028 6127
1 1 1877 1976
2 1 3073 3172
1 1 1009 1108
2 1 6237 6336
1 1 1187 1286
2 1 3009 3108
1 1 19 118
2 1 4290 4389
1 1 4903 5002
2 1 1193 1292
1 1 7477 7576
2 1 6827 6926
1 1 4008 4107
2 1 1949 2048
1 1 15 114
2 1 3320 3419
1 1 7362 7461
2 1 3461 3560
1 1 309 408
2 1 3211 3310
1 1 2588 2687
2 1 901 1000
1 1 5977 6076
2 1 7220 7319
1 1 1269 1368
2 1 802 901
1 1 6624 6723
2 1 6667 6766
1 1 615 714
2 1 2974 3073
1 1 4842 4941
2 1 4049 4148
1 1 7829 7928
2 1 152 251
1 1 3488 3587
2 1 5543 5642
1 1 2411 2510
2 1 7896 7995
1 1 6195 6294
2 1 1388 1487
1 1 525 624
2 1 1033 1132
1 1 5042 5141
2 1 5635 5734
1 1 6624 6723
2 1 1275 1374
1 1 1167 1266
2 1 6305 6404
1 1 5014 5113
2 1 515 614
1 1 4659 4758
2 1 3761 3860
1 1 1974 2073
2 1 4749 4848
1 1 1253 1352
2 1 3448 3547
1 1 5491 5590
2 1 372 471
1 1 4623 4722
2 1 490 589
1 1 7612 7711
2 1 2833 2932
1 1 1899 1998
2 1 5189 5288
1 1 2935 3034
2 1 5632 5731
1 1 1669 1768
2 1 6126 6225
1 1 4946 5045
2 1 1310 1409
1 1 3479 3578
2 1 5026 5125
1 1 4744 4843
2 1 2298 2397
1 1 6459 6558
2 1 3436 3535
1 1 1073 1172
2 1 3583 3682
1 1 6410 6509
2 1 930 1029
1 1 6518 6617
2 1 6610 6709
1 1 7418 7517
2 1 5911 6010
1 1 1096 1195
2 1 6745 6844
1 1 2767 2866
2 1 2483 2582
1 1 7696 7795
2 1 4568 4667
1 1 1217 1316
2 1 1021 1120
1 1 2956 3055
2 1 2271 2370
1 1 2189 2288
2 1 2721 2820
1 1 7780 7879
2 1 2789 2888
1 1 5166 5265
2 1 5647 5746
1 1 2083 2182
2 1 3490 3589
1 1 3751 3850
2 1 3705 3804
1 1 1072 1171
2 1 2191 2290
1 1 4147 4246
2 1 5938 6037
1 1 591 690
2 1 3577 3676
1 1 3031 3130
2 1 1100 1199
1 1 3276 3375
2 1 3518 3617
1 1 4957 5056
2 1 2007 2106
1 1 3704 3803
2 1 6675 6774
1 1 5915 6014
2 1 3651 3750
1 1 5089 5188
2 1 4201 4300
1 1 7328 7427
2 1 5602 5701
1 1 123 222
2 1 7996 8095
1 1 5587 5686
2 1 7504 7603
1 1 1661 1760
2 1 137 236
1 1 4584 4683
2 1 161 260
1 1 1696 1795
2 1 345 444
1 1 7396 7495
2 1 225 324
1 1 2734 2833
2 1 5528 5627
1 1 6200 6299
2 1 4458 4557
1 1 569 668
2 1 1626 1725
1 1 3439 3538
2 1 5842 5941
1 1 1028 1127
2 1 4729 4828
1 1 2149 2248
2 1 928 1027
1 1 5410 5509
2 1 1825 1924
1 1 4044 4143
2 1 1575 1674
1 1 2997 3096
2 1 4476 4575
1 1 4403 4502
2 1 1087 1186
1 1 4184 4283
2 1 7289 7388
1 1 7678 7777
2 1 6946 7045
1 1 1804 1903
2 1 5996 6095
1 1 556 655
2 1 2817 2916
1 1 1781 1880
2 1 834 933
1 1 4937 5036
2 1 4921 5020
1 1 6160 6259
2 1 4929 5028
1 1 6619 6718
2 1 6019 6118
1 1 1284 1383
2 1 3745 3844
1 1 6148 6247
2 1 2561 2660
1 1 4841 4940
2 1 3653 3752
1 1 7109 7208
2 1 7319 7418
1 1 5220 5319
2 1 6657 6756
1 1 3540 3639
2 1 1221 1320
1 1 4637 4736
2 1 6533 6632
1 1 2243 2342
2 1 3678 3777
1 1 524 623
2 1 4967 5066
1 1 5509 5608
2 1 2022 2121
1 1 6170 6269
2 1 1834 1933
1 1 3209 3308
2 1 2850 2949
1 1 7638 7737
2 1 4678 4777
1 1 929 1028
2 1 4004 4103
1 1 2597 2696
2 1 6222 6321
1 1 5104 5203
2 1 7792 7891
1 1 7079 7178
2 1 1356 1455
1 1 4 103
2 1 1347 1446
1 1 969 1068
2 1 1861 1960
1 1 3271 3370
2 1 372 471
1 1 1626 1725
2 1 4280 4379
1 1 4310 4409
2 1 1002 1101
1 1 5991 6090
2 1 1666 1765
1 1 1748 1847
2 1 6247 6346
1 1 4649 4748
2 1 3304 3403
1 1 7554 7653
2 1 7074 7173
1 1 1884 1983
2 1 810 909
1 1 3880 3979
2 1 3577 3676
1 1 1113 1212
2 1 1053 1152
1 1 4406 4505
2 1 6090 6189
1 1 3734 3833
2 1 7386 7485
1 1 3673 3772
2 1 6657 6756
1 1 2541 2640
2 1 360 459
1 1 2586 2685
2 1 446 545
1 1 5677 5776
2 1 1759 1858
1 1 3515 3614
2 1 5348 5447
1 1 1670 1769
2 1 7452 7551
1 1 5550 5649
2 1 5558 5657
1 1 1380 1479
2 1 128 227
1 1 5521 5620
2 1 7798 7897
1 1 1483 1582
2 1 7776 7875
1 1 4816 4915
2 1 1738 1837
1 1 6454 6553
2 1 6203 6302
1 1 4560 4659
2 1 4238 4337
1 1 62 161
2 1 1520 1619
1 1 4735 4834
2 1 6849 6948
1 1 3848 3947
2 1 7578 7677
1 1 1617 1716
2 1 6128 6227
1 1 96 195
2 1 565 664
1 1 2428 2527
2 1 3842 3941
1 1 7084 7183
2 1 3855 3954
1 1 6755 6854
2 1 2502 2601
1 1 6414 6513
2 1 2628 2727
1 1 1644 1743
2 1 6729 6828
1 1 4680 4779
2 1 290 389
1 1 1998 2097
2 1 338 437
1 1 1599 1698
2 1 2840 2939
1 1 2419 2518
2 1 6658 6757
1 1 4917 5016
2 1 6010 6109
1 1 4181 4280
2 1 6099 6198
1 1 7743 7842
2 1 7799 7898
1 1 2245 2344
2 1 1066 1165
1 1 4591 4690
2 1 7892 7991
1 1 920 1019
2 1 7883 7982
1 1 139 238
2 1 2677 2776
1 1 4163 4262
2 1 4629 4728
1 1 6341 6440
2 1 7162 7261
1 1 7675 7774
2 1 7565 7664
1 1 3287 3386
2 1 305 404
1 1 5205 5304
2 1 1925 2024
1 1 6988 7087
2 1 2116 2215
1 1 5631 5730
2 1 2144 2243
1 1 399 498
2 1 5012 5111
1 1 1490 1589
2 1 1778 1877
1 1 5159 5258
2 1 4865 4964
1 1 5963 6062
2 1 2978 3077
1 1 6867 6966
2 1 6752 6851
1 1 3415 3514
2 1 534 633
1 1 4240 4339
2 1 7179 7278
1 1 3842 3941
2 1 5930 6029
1 1 7527 7626
2 1 3789 3888
1 1 902 1001
2 1 7294 7393
1 1 948 1047
2 1 4825 4924
1 1 7665 7764
2 1 4318 4417
1 1 4656 4755
2 1 1666 1765
1 1 1563 1662
2 1 3054 3153
1 1 5678 5777
2 1 1627 1726
1 1 7148 7247
2 1 4628 4727
1 1 3369 3468
2 1 7643 7742
1 1 4773 4872
2 1 1839 1938
1 1 508 607
2 1 1566 1665
1 1 4619 4718
2 1 2502 2601
1 1 6841 6940
2 1 1027 1126
1 1 4794 4893
2 1 4333 4432
1 1 2886 2985
2 1 4782 4881
1 1 6717 6816
2 1 4140 4239
1 1 3103 3202
2 1 1704 1803
1 1 3233 3332
2 1 7929 8028
1 1 5489 5588
2 1 4843 4942
1 1 6442 6541
2 1 6883 6982
1 1 1094 1193
2 1 7452 7551
1 1 6857 6956
2 1 6826 6925
1 1 1131 1230
2 1 54 153
1 1 5609 5708
2 1 1581 1680
1 1 2583 2682
2 1 2684 2783
1 1 4786 4885
2 1 931 1030
1 1 7264 7363
2 1 763 862
1 1 4594 4693
2 1 3308 3407
1 1 4358 4457
2 1 2337 2436
1 1 7289 7388
2 1 7042 7141
1 1 5123 5222
2 1 5278 5377
1 1 7792 7891
2 1 4601 4700
1 1 3799 3898
2 1 3297 3396
1 1 1397 1496
2 1 3461 3560
1 1 6846 6945
2 1 6040 6139
1 1 7548 7647
2 1 2999 3098
1 1 1640 1739
2 1 2203 2302
1 1 100 199
2 1 7362 7461
1 1 7666 7765
2 1 7608 7707
1 1 384 483
2 1 7547 7646
1 1 6589 6688
2 1 7066 7165
1 1 1307 1406
2 1 5148 5247
1 1 7375 7474
2 1 2415 2514
1 1 5593 5692
2 1 3442 3541
1 1 7384 7483
2 1 6158 6257
1 1 672 771
2 1 6764 6863
1 1 1918 2017
2 1 5475 5574
1 1 708 807
2 1 3037 3136
1 1 3530 3629
2 1 7583 7682
1 1 4336 4435
2 1 2436 2535
1 1 5098 5197
2 1 6736 6835
1 1 7357 7456
2 1 3004 3103
1 1 3516 3615
2 1 4134 4233
1 1 6399 6498
2 1 1966 2065
1 1 4612 4711
2 1 1801 1900
1 1 902 1001
2 1 1121 1220
1 1 4973 5072
2 1 2500 2599
1 1 3876 3975
2 1 4543 4642
1 1 5756 5855
2 1 4614 4713
1 1 2158 2257
2 1 1438 1537
1 1 6169 6268
2 1 1715 1814
1 1 1156 1255
2 1 1018 1117
1 1 1639 1738
2 1 948 1047
1 1 1283 1382
2 1 7465 7564
1 1 3856 3955
2 1 2858 2957
1 1 5291 5390
2 1 3068 3167
1 1 2896 2995
2 1 1967 2066
1 1 5513 5612
2 1 7890 7989
1 1 5168 5267
2 1 1549 1648
1 1 537 636
2 1 4710 4809
1 1 2085 2184
2 1 7081 7180
1 1 6850 6949
2 1 2225 2324
1 1 685 784
2 1 7543 7642
1 1 6567 6666
2 1 5907 6006
1 1 4652 4751
2 1 7553 7652
1 1 2347 2446
2 1 7523 7622
1 1 4866 4965
2 1 79 178
1 1 7591 7690
2 1 6724 6823
1 1 2625 2724
2 1 2882 2981
1 1 2218 2317
2 1 5962 6061
1 1 1896 1995
2 1 7880 7979
1 1 1948 2047
2 1 5457 5556
1 1 4059 4158
2 1 911 1010
1 1 3598 3697
2 1 7242 7341
1 1 4964 5063
2 1 3530 3629
1 1 5179 5278
2 1 5914 6013
1 1 6703 6802
2 1 6371 6470
1 1 1424 1523
2 1 2680 2779
1 1 2260 2359
2 1 4398 4497
1 1 3137 3236
2 1 7507 7606
1 1 473 572
2 1 7237 7336
1 1 2034 2133
2 1 716 815
1 1 5110 5209
2 1 608 707
1 1 573 672
2 1 1716 1815
1 1 463 562
2 1 487 586
1 1 3999 4098
2 1 7083 7182
1 1 2790 2889
2 1 168 267
1 1 5929 6028
2 1 2209 2308
1 1 5787 5886
2 1 5751 5850
1 1 683 782
2 1 1095 1194
1 1 6977 7076
2 1 4692 4791
1 1 3927 4026
2 1 7486 7585
1 1 673 772
2 1 2679 2778
1 1 4871 4970
2 1 743 842
1 1 192 291
2 1 3584 3683
1 1 7307 7406
2 1 7420 7519
1 1 519 618
2 1 289 388
1 1 7855 7954
2 1 1807 1906
1 1 1395 1494
2 1 1359 1458
1 1 1412 1511
2 1 4610 4709
1 1 546 645
2 1 7697 7796
1 1 3400 3499
2 1 1334 1433
1 1 3337 3436
2 1 5821 5920
1 1 6618 6717
2 1 1885 1984
1 1 3808 3907
2 1 5554 5653
1 1 7183 7282
2 1 5207 5306
1 1 2514 2613
2 1 1296 1395
1 1 6213 6312
2 1 4141 4240
1 1 1464 1563
2 1 397 496
1 1 190 289
2 1 674 773
1 1 4829 4928
2 1 5325 5424
1 1 3340 3439
2 1 1263 1362
1 1 5194 5293
2 1 5709 5808
1 1 7534 7633
2 1 4363 4462
1 1 3071 3170
2 1 26 125
1 1 5485 5584
2 1 7952 8051
1 1 7467 7566
2 1 6909 7008
1 1 762 861
2 1 545 644
1 1 6504 6603
2 1 4303 4402
1 1 5506 5605
2 1 6397 6496
1 1 5100 5199
2 1 4040 4139
1 1 5337 5436
2 1 6396 6495
1 1 4886 4985
2 1 7618 7717
1 1 5508 5607
2 1 4140 4239
1 1 7573 7672
2 1 1374 1473
1 1 4351 4450
2 1 6668 6767
1 1 3900 3999
2 1 2958 3057
1 1 2972 3071
2 1 6453 6552
1 1 3260 3359
2 1 6359 6458
1 1 7990 8089
2 1 3248 3347
1 1 3961 4060
2 1 6802 6901
1 1 5365 5464
2 1 3105 3204
1 1 6948 7047
2 1 1653 1752
1 1 5017 5116
2 1 7525 7624
1 1 1054 1153
2 1 2123 2222
1 1 6049 6148
2 1 5818 5917
1 1 7114 7213
2 1 538 637
1 1 787 886
2 1 4080 4179
1 1 1631 1730
2 1 6862 6961
1 1 4536 4635
2 1 5211 5310
1 1 5465 5564
2 1 1090 1189
1 1 5468 5567
2 1 2195 2294
1 1 5244 5343
2 1 2185 2284
1 1 3373 3472
2 1 4886 4985
1 1 6417 6516
2 1 6317 6416
1 1 7116 7215
2 1 6743 6842
1 1 3054 3153
2 1 3826 3925
1 1 803 902
2 1 877 976
1 1 4091 4190
2 1 2472 2571
1 1 3180 3279
2 1 6416 6515
1 1 981 1080
2 1 5430 5529
1 1 91 190
2 1 4265 4364
1 1 4972 5071
2 1 5303 5402
1 1 111 210
2 1 2334 2433
1 1 1097 1196
2 1 376 475
1 1 7314 7413
2 1 3792 3891
1 1 1507 1606
2 1 7806 7905
1 1 6024 6123
2 1 6979 7078
1 1 4708 4807
2 1 3387 3486
1 1 5323 5422
2 1 2347 2446
1 1 4037 4136
2 1 2124 2223
1 1 7331 7430
2 1 693 792
1 1 5378 5477
2 1 2976 3075
1 1 4792 4891
2 1 5318 5417
1 1 7809 7908
2 1 6030 6129
1 1 7144 7243
2 1 3728 3827
1 1 7930 8029
2 1 2640 2739
1 1 5334 5433
2 1 2251 2350
1 1 2349 2448
2 1 1010 1109
1 1 7057 7156
2 1 6474 6573
1 1 3695 3794
2 1 5364 5463
1 1 1942 2041
2 1 2773 2872
1 1 167 266
2 1 830 929
1 1 2838 2937
2 1 1126 1225
1 1 6964 7063
2 1 7912 8011
1 1 5969 6068
2 1 4102 4201
1 1 5782 5881
2 1 3751 3850
1 1 7827 7926
2 1 3216 3315
1 1 6782 6881
2 1 4835 4934
1 1 5309 5408
2 1 5596 5695
1 1 1145 1244
2 1 2356 2455
1 1 6633 6732
2 1 4840 4939
1 1 6158 6257
2 1 7539 7638
1 1 7482 7581
2 1 7506 7605
1 1 1837 1936
2 1 2510 2609
1 1 486 585
2 1 2581 2680
1 1 2335 2434
2 1 3152 3251
1 1 2199 2298
2 1 371 470
1 1 3950 4049
2 1 1007 1106
1 1 231 330
2 1 4479 4578
1 1 3881 3980
2 1 5663 5762
1 1 6380 6479
2 1 779 878
1 1 514 613
2 1 489 588
1 1 2907 3006
2 1 2165 2264
1 1 259 358
2 1 7929 8028
1 1 4996 5095
2 1 4388 4487
1 1 2608 2707
2 1 3501 3600
1 1 5294 5393
2 1 3672 3771
1 1 6 105
2 1 6515 6614
1 1 5139 5238
2 1 500 599
1 1 1051 1150
2 1 3479 3578
1 1 6750 6849
2 1 4082 4181
1 1 2616 2715
2 1 3401 3500
1 1 1598 1697
2 1 5897 5996
1 1 4318 4417
2 1 5283 5382
1 1 5325 5424
2 1 3528 3627
1 1 5743 5842
2 1 5851 5950
1 1 5489 5588
2 1 3774 3873
1 1 6451 6550
2 1 6872 6971
1 1 4205 4304
2 1 406 505
1 1 3693 3792
2 1 6506 6605
1 1 4414 4513
2 1 3496 3595
1 1 590 689
2 1 7033 7132
1 1 997 1096
2 1 4534 4633
1 1 1092 1191
2 1 7891 7990
1 1 153 252
2 1 4623 4722
1 1 3240 3339
2 1 3815 3914
1 1 6150 6249
2 1 638 737
1 1 7942 8041
2 1 2514 2613
1 1 2019 2118
2 1 3813 3912
1 1 2008 2107
2 1 4495 4594
1 1 2281 2380
2 1 7762 7861
1 1 2360 2459
2 1 3226 3325
1 1 7692 7791
2 1 7377 7476
1 1 4862 4961
2 1 847 946
1 1 6075 6174
2 1 2174 2273
1 1 1333 1432
2 1 1896 1995
1 1 858 957
2 1 6712 6811
1 1 2750 2849
2 1 1797 1896
1 1 1140 1239
2 1 1607 1706
1 1 6674 6773
2 1 1083 1182
1 1 5778 5877
2 1 5584 5683
1 1 5069 5168
2 1 1284 1383
1 1 2984 3083
2 1 873 972
1 1 7639 7738
2 1 2741 2840
1 1 2336 2435
2 1 3401 3500
1 1 5484 5583
2 1 2270 2369
1 1 2999 3098
2 1 3249 3348
1 1 674 773
2 1 5501 5600
1 1 3742 3841
2 1 2375 2474
1 1 5192 5291
2 1 6895 6994
1 1 5147 5246
2 1 3648 3747
1 1 1901 2000
2 1 1489 1588
1 1 6856 6955
2 1 4387 4486
1 1 4776 4875
2 1 6313 6412
1 1 4507 4606
2 1 250 349
1 1 1403 1502
2 1 2218 2317
1 1 4042 4141
2 1 1252 1351
1 1 762 861
2 1 3721 3820
1 1 1436 1535
2 1 3109 3208
1 1 2512 2611
2 1 4284 4383
1 1 3951 4050
2 1 4006 4105
1 1 3234 3333
2 1 912 1011
1 1 6294 6393
2 1 7236 7335
1 1 4799 4898
2 1 3141 3240
1 1 6426 6525
2 1 5078 5177
1 1 6378 6477
2 1 6037 6136
1 1 6810 6909
2 1 7019 7118
1 1 57 156
2 1 3533 3632
1 1 6849 6948
2 1 1373 1472
1 1 3668 3767
2 1 6893 6992
1 1 5911 6010
2 1 5341 5440
1 1 194 293
2 1 2133 2232
1 1 1082 1181
2 1 7660 7759
1 1 7240 7339
2 1 2030 2129
1 1 2385 2484
2 1 6405 6504
1 1 2964 3063
2 1 5318 5417
1 1 91 190
2 1 1495 1594
